{
  "preset": "hortense",
  "remembered": {
    "Default": {
      "0": {
        "speed": 0.00001,
        "speed2": 1,
        "size": 43.9,
        "x": 0.0046,
        "y": 0.001,
        "z": 0.001,
        "x2": 0,
        "y2": 0,
        "z2": 0,
        "x1": 0,
        "y1": 0,
        "z1": 0,
        "length": 1
      }
    },
    "bobbb": {
      "0": {
        "speed": 0.00001,
        "speed2": 1,
        "size": 43.9,
        "x": 0.0046,
        "y": 0.001,
        "z": 0.001,
        "x2": 0.574428450465707,
        "y2": 0,
        "z2": 0,
        "x1": 0.22760372565622353,
        "y1": 0,
        "z1": 0,
        "length": 1
      }
    },
    "doober": {
      "0": {
        "speed": 0.00001,
        "speed2": 1,
        "size": 43.9,
        "x": 0.0046,
        "y": 0.001,
        "z": 0.001,
        "x2": 0.574428450465707,
        "y2": 0,
        "z2": 0.5310753598645216,
        "x1": 0.22760372565622353,
        "y1": 0,
        "z1": 0,
        "length": 1
      }
    },
    "hortense": {
      "0": {
        "speed": 0.00001,
        "speed2": 1,
        "size": 16.021845893310754,
        "x": 0.0046,
        "y": 0.001,
        "z": 0.001,
        "x2": 0.574428450465707,
        "y2": 0,
        "z2": 0.5310753598645216,
        "x1": 0.22760372565622353,
        "y1": 0,
        "z1": 0,
        "length": 1
      }
    }
  },
  "closed": false,
  "folders": {}
}